{
  "filter": "filters\\uplifting\\v4",
  "num_training_examples": 5365,
  "dimension_names": [
    "agency",
    "progress",
    "collective_benefit",
    "connection",
    "innovation",
    "justice",
    "resilience",
    "wonder"
  ],
  "correlation_analysis": {
    "correlation_matrix": [
      [
        1.0,
        0.9700622355610562,
        0.9407091271324792,
        0.7783780824866956,
        0.7256370306037108,
        0.7163772997866522,
        0.7990905198422498,
        0.6653569413278437
      ],
      [
        0.9700622355610562,
        1.0,
        0.9266302244655283,
        0.73039933098357,
        0.7533275119567835,
        0.6590865629347445,
        0.7648745230137117,
        0.6700995907021065
      ],
      [
        0.9407091271324792,
        0.9266302244655283,
        1.0,
        0.7580109644279948,
        0.6629720614428617,
        0.6809434863201609,
        0.7540285846195153,
        0.6298369002492454
      ],
      [
        0.7783780824866956,
        0.73039933098357,
        0.7580109644279949,
        0.9999999999999998,
        0.5995331117508721,
        0.6783529199887592,
        0.7958034422765732,
        0.6783559344067778
      ],
      [
        0.7256370306037108,
        0.7533275119567835,
        0.6629720614428617,
        0.5995331117508721,
        1.0,
        0.39690940055930474,
        0.5922196452544864,
        0.6580080035851078
      ],
      [
        0.7163772997866522,
        0.6590865629347445,
        0.6809434863201609,
        0.6783529199887592,
        0.3969094005593047,
        1.0,
        0.7441133407572901,
        0.474419970006823
      ],
      [
        0.7990905198422499,
        0.7648745230137118,
        0.7540285846195153,
        0.7958034422765732,
        0.5922196452544864,
        0.7441133407572901,
        1.0,
        0.6278964759584561
      ],
      [
        0.6653569413278436,
        0.6700995907021065,
        0.6298369002492454,
        0.6783559344067778,
        0.6580080035851078,
        0.47441997000682307,
        0.6278964759584561,
        0.9999999999999998
      ]
    ],
    "dimension_names": [
      "agency",
      "progress",
      "collective_benefit",
      "connection",
      "innovation",
      "justice",
      "resilience",
      "wonder"
    ],
    "high_correlation_pairs": [
      {
        "dim1": "agency",
        "dim2": "progress",
        "correlation": 0.9700622355610562,
        "strength": "very high"
      },
      {
        "dim1": "agency",
        "dim2": "collective_benefit",
        "correlation": 0.9407091271324792,
        "strength": "very high"
      },
      {
        "dim1": "progress",
        "dim2": "collective_benefit",
        "correlation": 0.9266302244655283,
        "strength": "very high"
      },
      {
        "dim1": "agency",
        "dim2": "resilience",
        "correlation": 0.7990905198422498,
        "strength": "high"
      },
      {
        "dim1": "connection",
        "dim2": "resilience",
        "correlation": 0.7958034422765732,
        "strength": "high"
      },
      {
        "dim1": "agency",
        "dim2": "connection",
        "correlation": 0.7783780824866956,
        "strength": "high"
      },
      {
        "dim1": "progress",
        "dim2": "resilience",
        "correlation": 0.7648745230137117,
        "strength": "high"
      },
      {
        "dim1": "collective_benefit",
        "dim2": "connection",
        "correlation": 0.7580109644279948,
        "strength": "high"
      },
      {
        "dim1": "collective_benefit",
        "dim2": "resilience",
        "correlation": 0.7540285846195153,
        "strength": "high"
      },
      {
        "dim1": "progress",
        "dim2": "innovation",
        "correlation": 0.7533275119567835,
        "strength": "high"
      },
      {
        "dim1": "justice",
        "dim2": "resilience",
        "correlation": 0.7441133407572901,
        "strength": "high"
      },
      {
        "dim1": "progress",
        "dim2": "connection",
        "correlation": 0.73039933098357,
        "strength": "high"
      },
      {
        "dim1": "agency",
        "dim2": "innovation",
        "correlation": 0.7256370306037108,
        "strength": "high"
      },
      {
        "dim1": "agency",
        "dim2": "justice",
        "correlation": 0.7163772997866522,
        "strength": "high"
      }
    ]
  },
  "pca_analysis": {
    "variance_explained": [
      0.749867476057568,
      0.08879975038525795,
      0.05959868117460601,
      0.03477025844451386,
      0.03194914041731853,
      0.02354325514818494,
      0.008446370945395874,
      0.0030250674271547554
    ],
    "cumulative_variance": [
      0.749867476057568,
      0.8386672264428259,
      0.8982659076174319,
      0.9330361660619457,
      0.9649853064792643,
      0.9885285616274492,
      0.9969749325728451,
      0.9999999999999999
    ],
    "n_components_90": 4,
    "n_components_95": 5,
    "n_components_99": 7,
    "loadings": [
      [
        0.3918993731757805,
        0.3847855045824392,
        0.3780240848447003,
        0.35549790885551585,
        0.31689621094693443,
        0.31530632577795986,
        0.3593513619858035,
        0.3163847908720927
      ],
      [
        0.004479833971311057,
        -0.09837778829961648,
        0.03399977795851945,
        0.13313669763538344,
        -0.5974820992447112,
        0.6276861975791614,
        0.2557753241700898,
        -0.3937315566408325
      ],
      [
        -0.31386764489534685,
        -0.370821166650609,
        -0.3599317781087453,
        0.3731867457712149,
        -0.12818083673619618,
        0.08624286390223088,
        0.21101588726439346,
        0.6532715121459596
      ],
      [
        -0.16839145785844176,
        -0.19453359140868332,
        -0.33726546811781155,
        0.17451930435515303,
        0.6213213673208298,
        0.07377461448906064,
        0.3947859163789042,
        -0.49219626182352233
      ],
      [
        0.0442837937139115,
        -0.005134781590920668,
        0.19531886146006477,
        0.6417601481660886,
        -0.2757214186058677,
        -0.6240896509356139,
        0.13213241734609862,
        -0.25502522506491315
      ],
      [
        0.029661971706639836,
        0.1030630867876029,
        -0.03264564874720586,
        -0.5048976192706838,
        -0.20359423495787982,
        -0.31735613408088015,
        0.7619309520455554,
        0.09902787091048008
      ],
      [
        -0.36472612579532754,
        -0.5023313731259076,
        0.7543463876002899,
        -0.12197855113289552,
        0.14911755710912586,
        0.031274834992685595,
        0.08351000710140927,
        0.023080790402286444
      ],
      [
        0.7639765683653438,
        -0.6355510177344535,
        -0.06625146782570758,
        -0.06718676264220048,
        0.0203077608190119,
        -0.050304169095922224,
        -0.009501844593344537,
        0.02186753651934395
      ]
    ],
    "interpretation": {
      "total_dimensions": 8,
      "effective_dimensions_90": 4,
      "effective_dimensions_95": 5,
      "effective_dimensions_99": 7,
      "redundancy_ratio": 0.375
    }
  },
  "reduction_suggestions": {
    "merge_suggestions": [
      {
        "merged_group_id": 1,
        "dimensions": [
          "agency",
          "collective_benefit",
          "progress"
        ],
        "suggested_name": "merged_agency",
        "count": 3,
        "reason": "Correlation >= 0.85"
      }
    ],
    "independent_dimensions": [
      "connection",
      "innovation",
      "justice",
      "resilience",
      "wonder"
    ],
    "original_count": 8,
    "reduced_count": 6,
    "reduction_percentage": 25.0
  }
}